0.6930770432880138	0.7068801897983392	0.7104364561991681	0.7172470978441128	0.7152537485582469	0.7528812385616066	0.7221056646957849
0.7214289621970568	0.7633356627067319	0.8075899571907902	0.7473581689797906	0.7700396483364937	0.7621586398910017	0.7674861825805223	0.7565235364026249	0.7378246194117242	0.7431182795698925	0.7122191443521083	0.6907592824363789	0.7053880375679684	0.6894258248895817	0.6868404717566728	0.6776781500707881	0.6901076716016151	0.6960558034569421	0.6900057050982833	0.7145622580242288	0.7497723132969034	0.7342086777975901	0.7473770334007123	0.7913076058448857	0.7886810212966231	0.7359372643643493	0.7138408127839894
0.6997101449275362	0.6878102236833623	0.6848907845418121	0.6949760765550239	0.6584369895715542	0.6644414775255897	0.6405590333381861
0.6649655042056516	0.6504123057405645	0.6648205128205128	0.6971153846153846	0.6690196078431373	0.6874907035549606	0.6737459914079991	0.7366321305228057	0.7178497587870434	0.6902167545401289	0.6963722397476341	0.696969696969697
0.678183464091732	0.7118621337088447	0.6590909090909091	0.6858782435129741	0.6919651141213583	0.7143207154232513	0.6877074858558938	0.7321772639691715	0.7055846737755287	0.650359153562415
0.6765834932821497	0.7136194029850746	0.7451631609468079	0.7139957264957265	0.7433542101600557	0.7180386178861788
0.7569028316296558	0.7267541053529537	0.7359416840226123	0.7114666666666667	0.6827100099942138	0.7115503745001971	0.7094662638469285	0.7270063486895654	0.6964285714285714	0.6996827285346024	0.7029820858364453	0.6925965941246077	0.6889625072303728	0.6903485254691689	0.6963270324266175	0.6630123927550048	0.6851382731686722	0.6578626359055953	0.6525628361321479	0.6703372699223321	0.6806426763508309	0.7206231300938822	0.7326271504770491
0.765101122085601	0.8123626922308768	0.706555138272448	0.6938302800589597	0.7225198595972658	0.6946440044389931	0.7093503339404978	0.706938134499972	0.7092423921485561	0.7143132716049383
0.6913356408988517	0.6968927002276216	0.6980230426813302	0.7542041454829879	0.8011396011396011	0.7367912371134021	0.7004258855302794	0.7794980968969744	0.8043230944254836	0.7296354166666666
0.7297169172423135	0.7826162087437359	0.7993677827236952	0.8301571380809094	0.729064039408867	0.7748333862265947
0.7426920656713003	0.6890417855344857	0.6977561077907098	0.7134220743205768	0.7176667205779287	0.7143002700086607	0.723708257185579	0.7110486271915316	0.7235030685022392	0.7300266492630663
0.737279843444227	0.7180045807496788	0.7324740422484783	0.7348847444572811	0.7178212162780064
0.6876871786178448	0.6723192299082158	0.695311167945439	0.6795121951219513	0.6983344663494222
0.7462949007786989	0.7154597612032874	0.7308692877828499	0.7246804326450345	0.7571807868694183
0.6926640926640927	0.6880535327691399	0.6836477987421383	0.6976729440111598	0.6900705558423679
0.70369644723093	0.698131443298969	0.7258708522649043	0.735088730860401	0.7412128234839707	0.7107900778319055	0.7005356834283739	0.7162310422717005	0.6876906318082788
0.6940135585430312	0.7164677465188974	0.6725013506212858	0.6573774421670862	0.6764241893076249	0.6837472309665384	0.6749649368863955	0.6610169491525424
0.6484354594368699	0.6701754385964912	0.6667951683371884	0.6690985463991599	0.6872071378137236	0.6667729930887826	0.6690058479532164	0.666838931955211	0.6662924351777599
0.7615548955239435	0.7418244406196214	0.7556100217864924	0.7619410956813674	0.7401032702237521	0.7781393667028256	0.7559656379255488
0.7007259429070466	0.7148780892353624	0.6866045650160701	0.7056432806982477	0.6895457250545527
0.6868643766446199	0.743663318986131	0.76064169173275	0.6826498762243031	0.725750702095485	0.7440204617724319	0.6909930715935335	0.71210952564597	0.7162284093838618	0.739611360239163	0.7353919239904988
0.7300390843104411	0.7113786185153339	0.7306990399111323	0.7102815252879936	0.6831539865332579	0.6877907707783226	0.6979124305273147	0.6962701053799224	0.6909125259777064	0.7059965487489215
0.6773283160865475	0.672854323358404	0.7314285714285714	0.6840396168209125	0.6950437642861125	0.6816039446015517	0.6840668165756505	0.6852600377256804	0.6949948146935211	0.6749574105621806	0.7122696524376021	0.6790788570221307	0.708173157278957	0.6709747831581366
0.7482502187226596	0.7015726889144611	0.7234884965222044	0.7701552328492739	0.7844211924929414	0.7807875595685979	0.7244836423940901	0.777840873241214	0.7732187052233945
0.72534958766583	0.7245783527100049	0.724709784411277	0.7836352657004831	0.8000839630562553	0.7738381731643403
0.7353005108140419	0.7337550765385817	0.7285108283098906	0.7561601000625391	0.7375201288244766	0.7388373121131742	0.6999773781246466	0.7034260127043632	0.7105573501512588	0.7159490928784187	0.7522073156748079	0.7348275675383033	0.7495559502664298	0.6929007554589672	0.6769312804105846	0.6940394391374783	0.6847157555900443	0.6726742490522019	0.6617574864997545
0.6914572174151902	0.6729747094211787	0.6782459526107001	0.687078390323331	0.7192007090484248
0.6685386884501928	0.6606143433554601	0.6862818590704648	0.6729897776372642	0.6676550145651269	0.6744238336143901	0.6739427012278308	0.6729619137551149	0.6642499568444674	0.6654204594711747	0.7238336253325547	0.6776998961578401	0.6940278873980531	0.6638741665241922	0.6977893235533822	0.6638377368561516	0.6771608471665712	0.6889894988366975	0.6602069399188246	0.6624688442870261	0.6500702670146556	0.6730511547253094	0.7038766585130828	0.6589061345158906
0.7140140711161818	0.7108706852138074	0.6802230239422762	0.7918346774193549	0.6985408926936951	0.7726062609014964	0.7004688313943392	0.7050813331213903	0.6937836980653346	0.685338500381657	0.663063653237253	0.6804178236149676	0.6941497071954543	0.6751465482897957	0.6614853195164075	0.701996171725458	0.7538444877626164	0.6776116168183789
0.6787829394186362	0.73716425433859	0.7125995211847893	0.7057728119180633	0.7164710067591604
0.7251121821505734	0.7673371359951966	0.7119568241250765	0.7399521715652241	0.7155721161310356
0.6936497251206103	0.6916623570648739	0.6760738374156905	0.684400826446281	0.712407509325506	0.6683431126012853	0.738378621154278	0.6853160977580287	0.7041830367460135
0.7487781036168133	0.7611296807634549	0.7217302635109751	0.7337807606263982	0.7297076596439653	0.7230468511392095	0.7109973016135249	0.6957248369184322	0.7389550981100277	0.730991054613936	0.7163792131664976	0.703551912568306	0.712764303482587	0.6945799884568971	0.700198474877259	0.7113697974804656	0.6962040993250356	0.6803681955245199	0.6839092495636998	0.6825734157650696	0.6905027932960894	0.7204961464354528	0.6590998815633636	0.6981921122048511	0.6967982053635159
0.8029875692050559	0.7365466919245072	0.6786437539778973	0.7840311763639659	0.7948348694316436	0.7296223745783001
0.7365925925925926	0.6529192408304113	0.6695652173913044	0.6629739858906526	0.6753181513730744	0.6673718470301058	0.6795943782245152	0.683796129342469
0.7193847785733227	0.7102097306504844	0.7738654147104851	0.7667464982945061	0.7661503839025682	0.7268345242145855
0.6594294770206022	0.6532111075372574	0.6870608899297423	0.6667228022903334	0.6518249018249018	0.6770145310435931	0.9955614735907679	0.7041321251847568	0.6493918846195242	0.6839398513052714	0.662610811750391	0.6890873392868453	0.6756176154672395
0.6888633019893814	0.7203321182665047	0.7052412441831987	0.6784313725490196	0.673595208737009	0.6764375561545373	0.6769324903120538
0.7175925925925926	0.676914668306347	0.6879613299366386	0.6635397123202001	0.7153226965646112
0.6502634099616859	0.6945595139464237	0.7007816494995982	0.6749678475388753	0.68693171688358
0.6616448068060972	0.7306578050443081	0.6436383521691579	0.6766147635524798	0.6646353849278895
0.6715759280710464	0.7110904007455732	0.7199342767795622	0.7118773946360153	0.7234588563458856	0.6934156378600823	0.6779314772660947	0.7088888888888889	0.6607557176002652	0.7102385685884692	0.7093094316561418	0.7017268445839875	0.6889453352383976	0.7282492548225634	0.6701470147014702	0.6717232661035454	0.7097206276310754	0.6538832609744332	0.6450591568071988	0.6606581776087316	0.6613280547057765
0.7079285490441868	0.7088174215636751	0.7391187677775989	0.7548274770496993	0.7853107344632768	0.7381096943938474
0.7242282402763847	0.706503645026118	0.7942198491397576	0.7565957446808511	0.70209116696352	0.7353340478742408
